0.00	0.000000
0.03	8.109163
0.05	32.050587
0.07	70.868130
0.10	123.520286
0.12	188.816251
0.15	265.154269
0.17	350.429147
0.20	442.196087
0.23	537.941404
0.25	635.331334
0.28	732.418701
0.30	827.737258
0.33	920.110997
0.35	1008.159065
0.38	1089.820839
0.40	1162.293397
0.42	1222.400218
0.45	1267.104534
0.47	1293.976817
0.50	1301.612044
0.53	1289.895747
0.55	1259.894093
0.57	1213.435070
0.60	1152.757520
0.62	1080.388552
0.65	999.021575
0.68	911.187014
0.70	818.907870
0.72	723.722274
0.75	627.116976
0.78	530.913199
0.80	437.184446
0.82	347.909289
0.85	264.877515
0.88	189.911767
0.90	124.969304
0.93	71.958835
0.95	32.573028
0.97	8.247600
1.00	0.000000
