0.00	0.000000
0.03	7.155129
0.05	28.226211
0.07	62.255828
0.10	108.098583
0.12	164.539010
0.15	230.189891
0.17	303.408715
0.20	382.321943
0.23	464.923318
0.25	549.230036
0.28	633.487985
0.30	716.311325
0.33	796.559143
0.35	872.936358
0.38	943.625080
0.40	1006.267603
0.42	1058.292243
0.45	1097.332416
0.47	1121.535826
0.50	1129.736046
0.53	1121.535828
0.55	1097.332418
0.57	1058.292246
0.60	1006.267607
0.62	943.625084
0.65	872.936362
0.68	796.559148
0.70	716.311330
0.72	633.487990
0.75	549.230041
0.78	464.923323
0.80	382.321947
0.82	303.408719
0.85	230.189895
0.88	164.539013
0.90	108.098585
0.93	62.255829
0.95	28.226212
0.97	7.155129
1.00	0.000000
