0.00	0.000000
0.03	11.153644
0.05	43.854774
0.07	95.892110
0.10	163.697975
0.12	242.700738
0.15	328.051754
0.17	415.618073
0.20	502.711683
0.23	588.070053
0.25	671.268348
0.28	752.131879
0.30	830.431468
0.33	905.758603
0.35	977.393038
0.38	1044.102511
0.40	1103.941816
0.42	1154.176872
0.45	1191.514611
0.47	1212.815672
0.50	1216.135805
0.53	1201.436053
0.55	1170.468822
0.57	1126.078018
0.60	1071.372429
0.62	1009.084117
0.65	941.295277
0.68	869.508346
0.70	794.868925
0.72	718.337026
0.75	640.684089
0.78	562.317496
0.80	483.102446
0.82	402.527919
0.85	320.584937
0.88	239.100907
0.90	162.229274
0.93	95.385895
0.95	43.710241
0.97	11.121576
1.00	0.000000
