0.00	0.000000
0.03	7.454829
0.05	29.560225
0.07	65.670881
0.10	114.938106
0.12	176.286836
0.15	248.268386
0.17	329.006212
0.20	416.301564
0.23	507.815186
0.25	601.239754
0.28	694.444025
0.30	785.561513
0.33	872.934635
0.35	954.891633
0.38	1029.527194
0.40	1094.694353
0.42	1148.203827
0.45	1188.067296
0.47	1212.687688
0.50	1221.017007
0.53	1212.687688
0.55	1188.067295
0.57	1148.203826
0.60	1094.694351
0.62	1029.527192
0.65	954.891630
0.68	872.934633
0.70	785.561510
0.72	694.444022
0.75	601.239751
0.78	507.815183
0.80	416.301561
0.82	329.006210
0.85	248.268384
0.88	176.286834
0.90	114.938104
0.93	65.670880
0.95	29.560224
0.97	7.454828
1.00	0.000000
