0.00    0.000000
0.03    6.627170
0.05    26.227127
0.07    57.946476
0.10    100.355703
0.12    151.511845
0.15    209.123517
0.17    270.817876
0.20    334.408109
0.23    398.054111
0.25    460.305303
0.28    520.078498
0.30    576.590636
0.33    629.247192
0.35    677.476925
0.38    720.587583
0.40    757.719017
0.42    787.916522
0.45    810.262105
0.47    824.000344
0.50    828.637694
0.53    824.000343
0.55    810.262104
0.57    787.916520
0.60    757.719015
0.62    720.587581
0.65    677.476922
0.68    629.247189
0.70    576.590633
0.72    520.078495
0.75    460.305300
0.78    398.054109
0.80    334.408106
0.82    270.817873
0.85    209.123515
0.88    151.511843
0.90    100.355702
0.93    57.946475
0.95    26.227126
0.97    6.627169
1.00    0.000000