0.00	0.000000
0.03	17.202372
0.05	68.480392
0.07	152.992969
0.10	269.317246
0.12	415.008190
0.15	586.166181
0.17	777.469712
0.20	982.774769
0.23	1195.974230
0.25	1411.706624
0.28	1625.687937
0.30	1834.598728
0.33	2035.519914
0.35	2225.110194
0.38	2398.994760
0.40	2551.776059
0.42	2677.613273
0.45	2771.004255
0.47	2827.526544
0.50	2844.508394
0.53	2821.487225
0.55	2760.152127
0.57	2663.793118
0.60	2536.694290
0.62	2383.739866
0.65	2210.085208
0.68	2020.678667
0.70	1819.803230
0.72	1611.057445
0.75	1397.846040
0.78	1183.923852
0.80	973.592621
0.82	771.646303
0.85	583.326610
0.88	414.165035
0.90	269.406400
0.93	153.268285
0.95	68.626968
0.97	17.226536
1.00	0.000000
