0.00	0.000000
0.03	7.512305
0.05	29.645307
0.07	65.474844
0.10	113.442089
0.12	171.412246
0.15	236.842640
0.17	307.050849
0.20	379.503980
0.23	452.024854
0.25	522.887701
0.28	590.830246
0.30	654.981472
0.33	714.710671
0.35	769.397332
0.38	818.239793
0.40	860.189843
0.42	894.037259
0.45	918.581927
0.47	932.841838
0.50	936.246219
0.53	928.772835
0.55	910.940214
0.57	883.657823
0.60	848.010157
0.62	805.069731
0.65	755.806706
0.68	701.065679
0.70	641.588383
0.72	578.085598
0.75	511.329509
0.78	442.224164
0.80	371.862228
0.82	301.628763
0.85	233.348618
0.88	169.349863
0.90	112.307149
0.93	64.883939
0.95	29.357994
0.97	7.396854
1.00	0.000000
