0.00	0.000000
0.03	9.668947
0.05	38.011970
0.07	83.050309
0.10	141.577394
0.12	209.473919
0.15	282.424863
0.17	356.924943
0.20	430.947307
0.23	503.753358
0.25	575.174428
0.28	645.036390
0.30	712.956800
0.33	778.343455
0.35	840.378524
0.38	897.921426
0.40	949.406666
0.42	992.850919
0.45	1026.046690
0.47	1046.940863
0.50	1054.079885
0.53	1046.940864
0.55	1026.046692
0.57	992.850921
0.60	949.406669
0.62	897.921429
0.65	840.378527
0.68	778.343459
0.70	712.956803
0.72	645.036393
0.75	575.174431
0.78	503.753361
0.80	430.947309
0.82	356.924944
0.85	282.424864
0.88	209.473919
0.90	141.577395
0.93	83.050309
0.95	38.011970
0.97	9.668947
1.00	0.000000
