0.00	0.000000
0.03	16.904584
0.05	67.301769
0.07	150.365351
0.10	264.686955
0.12	407.862242
0.15	576.078334
0.17	764.132221
0.20	965.989400
0.23	1175.616341
0.25	1387.701698
0.28	1598.014369
0.30	1803.296709
0.33	2000.692097
0.35	2186.923493
0.38	2357.693820
0.40	2507.704682
0.42	2631.240965
0.45	2722.960326
0.47	2778.616927
0.50	2795.655076
0.53	2773.572396
0.55	2713.867025
0.57	2619.609009
0.60	2494.947437
0.62	2344.730986
0.65	2174.118338
0.68	1988.042104
0.70	1790.729124
0.72	1585.672057
0.75	1376.115427
0.78	1165.640060
0.80	958.452146
0.82	759.386715
0.85	573.789149
0.88	407.210314
0.90	264.791635
0.93	150.608724
0.95	67.427796
0.97	16.925128
1.00	0.000000
