0.00	0.000000
0.03	10.924007
0.05	42.923956
0.07	93.839768
0.10	160.189480
0.12	237.524892
0.15	321.150758
0.17	407.081702
0.20	492.716599
0.23	576.793785
0.25	658.830411
0.28	738.578085
0.30	815.742582
0.33	889.864083
0.35	960.183310
0.38	1025.446299
0.40	1083.727894
0.42	1132.402735
0.45	1168.414443
0.47	1188.946348
0.50	1192.302973
0.53	1178.462788
0.55	1148.966024
0.57	1106.344182
0.60	1053.432390
0.62	992.805064
0.65	926.498901
0.68	856.029453
0.70	782.560970
0.72	707.056512
0.75	630.287875
0.78	552.692795
0.80	474.231516
0.82	394.558155
0.85	313.819142
0.88	233.840040
0.90	158.583566
0.93	93.221710
0.95	42.710121
0.97	10.860318
1.00	0.000000
