0.00	0.000000
0.03	7.832312
0.05	31.126788
0.07	69.008662
0.10	120.488933
0.12	184.414012
0.15	259.233368
0.17	342.909013
0.20	433.055055
0.23	527.191470
0.25	623.000229
0.28	718.542186
0.30	812.346164
0.33	903.212864
0.35	989.737581
0.38	1069.868375
0.40	1140.858418
0.42	1199.625517
0.45	1243.256614
0.47	1269.464847
0.50	1276.959617
0.53	1265.638221
0.55	1236.460290
0.57	1191.106231
0.60	1131.706642
0.62	1060.729167
0.65	980.826973
0.68	894.499749
0.70	803.760329
0.72	710.152063
0.75	615.148526
0.78	520.520007
0.80	428.294558
0.82	340.472768
0.85	258.910361
0.88	185.440649
0.90	121.939877
0.93	70.199347
0.95	31.801462
0.97	8.084259
1.00	0.000000
