0.00	0.000000
0.03	7.649909
0.05	30.250852
0.07	66.850576
0.10	115.839528
0.12	175.017624
0.15	241.764379
0.17	313.320384
0.20	387.096397
0.23	460.884556
0.25	532.956269
0.28	602.057774
0.30	667.335574
0.33	728.167868
0.35	783.938711
0.38	833.842329
0.40	876.813075
0.42	911.595549
0.45	936.912859
0.47	951.679154
0.50	955.235061
0.53	947.528900
0.55	929.131528
0.57	901.054812
0.60	864.489952
0.62	820.575568
0.65	770.307682
0.68	714.533593
0.70	653.996393
0.72	589.410434
0.75	521.550535
0.78	451.310163
0.80	379.756270
0.82	308.250132
0.85	238.626350
0.88	173.273329
0.90	114.961330
0.93	66.450349
0.95	30.089930
0.97	7.597903
1.00	0.000000
